# Fix print output for fix def_print
-3.87089284524648e-16 -0.0989978427454992
-5.80053872914057e-16 0.0513699754750899
-9.65791628055508e-16 0.038468858548737
-1.35076021519069e-15 0.211815664692175
1.15664128842026e-15 0.311565452235845
7.70326934377409e-16 0.121695768740671
3.84780600919133e-16 0.189565884253472
0 0.501687102426056
-1.9200857367294e-16 0.458585496606458
-5.75454833287385e-16 0.271924346396599
-9.5814179337784e-16 0.493672445260341
-9.57194076470444e-16 0.594450637437725
-1.33874752552991e-15 0.459041237119341
9.55304255983831e-16 0.575131218771923
9.54362141332959e-16 0.772530839887956
5.72053129839381e-16 0.877389666444274
1.90496695140083e-16 0.738509272854869
0 0.872725285693858
-3.80244876743269e-16 1.03301985138595
-7.59743443620505e-16 1.02161793478744
-9.4874824638394e-16 0.706329191175251
1.32694661688175e-15 0.927990935967551
9.46891596195323e-16 1.27605591630688
7.56772794769596e-16 0.985680867797631
3.78016879418602e-16 0.963879995181428
0 1.42277424505359
-1.88640002204994e-16 1.61812472491834
-5.65368964739018e-16 1.24445339956366
-9.41364991548267e-16 1.28436281586996
-1.31663021947159e-15 1.68524929497227
1.12744451803296e-15 1.86354468717695
7.50900648932392e-16 1.38984312745097
3.75086516012256e-16 1.5836230082465
1.87361705965464e-16 2.02155939712139
-1.87180505089288e-16 1.91104486877716
-5.609989630792e-16 1.69297790439693
-7.47276611051443e-16 1.82561159292813
-1.11983399573186e-15 2.12292902886408
1.11875515758569e-15 1.91090630337841
9.31398663437556e-16 1.90346280893268
7.44402470239708e-16 2.18930300721366
3.71843693107251e-16 2.34336310448175
3.71486837355708e-16 2.23249948907822
0 2.2823438662113
-3.70775176747747e-16 2.59830615281222
-5.55630551949255e-16 2.46784482617726
-9.25165593988163e-16 2.33585773903526
-1.29399474291907e-15 2.51574598104821
1.10808001295224e-15 2.75912620275781
7.38015795089891e-16 2.70378422905682
3.68656461452046e-16 2.47560792612672
1.84152847062154e-16 2.73469451202464
-1.83977796827304e-16 3.12488484638603
-5.51409237214598e-16 2.91648795334546
-9.18143464242522e-16 2.72163779616427
-1.10072782329284e-15 3.19113611692134
1.09968546739957e-15 3.20515760454925
7.32430055864992e-16 2.94929496544354
5.48803333447044e-16 3.34978786538964
1.82761701852997e-16 3.51207624071229
-1.82589285153136e-16 3.15214577002204
-3.64834386922382e-16 3.18309432042062
-7.28981703436248e-16 3.66114274105348
-1.09244388859261e-15 3.6743258532179
1.27332001488371e-15 3.09327881349033
9.08660292311381e-16 3.4760393641661
5.44684734321737e-16 3.83957434970473
3.62782834606043e-16 3.57547097467463
1.81221575151989e-16 3.48943292077255
-1.81052050759891e-16 3.95035170388444
-1.80882843235817e-16 3.96970317187196
-5.42141855076537e-16 3.6031679148783
-9.02726876223525e-16 3.94052610092927
-1.26263979108692e-15 4.26517147851054
1.08125498470572e-15 4.05109909328477
7.20166110743531e-16 3.84235252819408
3.59748405692052e-16 4.29585618118433
1.79707188730106e-16 4.55026945488244
-1.79540484473399e-16 4.02690242696141
-5.38122267643162e-16 3.99926221887652
-7.16832008378977e-16 4.50497187670094
-1.07425333355591e-15 4.45407273315962
1.07326049313673e-15 4.40865335411809
8.93557905181552e-16 4.27829206410985
5.3564015386252e-16 4.52499978405485
1.78382158767119e-16 4.56682721933035
0 4.52895166486901
-3.56107897446778e-16 4.5002147088695
-7.11561184787955e-16 4.92770046059047
-8.88634721130963e-16 4.91205397578644
1.24294724388649e-15 4.84670426436867
8.87005693227883e-16 4.84094586168376
7.08954733561627e-16 5.06601131790692
3.54153050800227e-16 4.72553244642818
0 4.55375765690689
-1.7675309795646e-16 4.98568442786235
-5.29775480645047e-16 4.82157527252951
-7.05723399315675e-16 4.70699775748454
-8.81350829974152e-16 4.9453569299946
-1.05665864747401e-15 5.01842904168693
1.05569804870359e-15 4.9211780222765
7.03159463260033e-16 4.66115927956386
5.26891040641535e-16 4.62816668660125
1.7547111719159e-16 4.93054575757211
-1.7531217596225e-16 4.76751119477992
-3.50307044818686e-16 4.53239253109256
-6.99980623010213e-16 4.50099621465094
-1.04902245128631e-15 4.51647230808032
1.22275496014104e-15 4.51923287854447
8.72608846989739e-16 4.23727425100196
5.23093627736011e-16 4.12243028256941
3.48415197591942e-16 4.19262131140624
0 3.90589421882841
-3.47789114577401e-16 3.52435365866687
-5.21215374135522e-16 3.72324359451633
-8.67913194001452e-16 3.49212810982759
-1.21398969160956e-15 3.16485014702366
1.03963102379046e-15 2.88179775745429
6.92467414176472e-16 2.82708966796899
3.4592429358771e-16 2.64041249469361
1.72807716305646e-16 2.61898297528196
-1.72653561340164e-16 2.64629708821687
-5.17499043482149e-16 2.4448296219951
-8.61730375166179e-16 2.37112967191069
-1.0331564533576e-15 2.50776307786423
-1.20427777407668e-15 2.53287459401666
8.59434468305169e-16 2.60353157929374
6.86937505811265e-16 2.75640152279511
5.14746388995543e-16 2.79074636482026
1.71430152579561e-16 2.43750418869877
0 2.27274864351794
-3.42254009305612e-16 2.54297919326913
-6.83903329548847e-16 2.59580948107974
-8.5412463487345e-16 2.51894407159293
1.19472001396496e-15 2.51502784178465
8.52619569437551e-16 2.56041003777577
6.81495219233535e-16 2.47668569760441
3.40447919546744e-16 2.42111594157633
0 2.36369816371956
-1.6992505905384e-16 2.56278536563423
-5.09328005953484e-16 2.54365026946914
-8.48136030947957e-16 2.28062858118724
-1.01687202589662e-15 2.14328211838383
1.01598237408044e-15 2.14438437325822
6.76729518399734e-16 2.40086237979568
5.07103866189495e-16 2.20311297836887
1.68887122392953e-16 2.0610920872486
-1.68739879914842e-16 1.66625254238224
-5.05778681870184e-16 1.67024786321796
-6.73784655395383e-16 1.6533590217179
-1.00979813354256e-15 1.59734912020584
1.00892081109813e-15 1.45919558098802
8.40037509819115e-16 1.09146269139247
6.71447154422633e-16 0.942364643291491
3.35432655567286e-16 1.00895860736662
1.67571118841839e-16 0.818583996712085
-1.67426161126578e-16 0.6097464187298
-3.34562907972902e-16 0.60713260259503
-5.01410990316901e-16 0.588796476099335
-8.34963944186039e-16 0.855965248561758
-1.1679418067554e-15 0.932879010701707
1.00023070936602e-15 1.0764101182365
6.6624661708201e-16 0.918358562812584
3.32836874053868e-16 0.798359965499801
1.66275465861103e-16 0.888624672663052
-1.66132740139334e-16 1.09703860945065
-4.9797077769037e-16 1.13939189483061
-6.63392090016534e-16 1.1929822312099
-9.94236176005088e-16 1.53352019833853
9.93385674571381e-16 1.77585384957322
8.27113855821898e-16 2.12298932363827
4.95844514762572e-16 1.76349289752692
1.6514047974601e-16 1.89629760814856
-1.64999695023294e-16 2.20995925594462
-3.29718300276531e-16 2.15049516750767
-6.58875377914294e-16 2.22241390906862
-9.87472664603693e-16 2.14827015544945
1.15107263877338e-15 2.28984953916245
8.21496783795943e-16 2.49495239661639
4.9248000575655e-16 2.67744591278781
3.28041766546312e-16 2.93225657561446
1.6388200022212e-16 3.00042987549981
-1.63743352167787e-16 3.20857729091839
-3.27209877028443e-16 3.15544401763086
-6.53867034670013e-16 3.44883006257459
-9.79972872214297e-16 3.46581716392844
-9.79146588173644e-16 3.49406533447926
9.78321696355471e-16 3.67893308376078
6.51665462162707e-16 3.90700823822055
4.88338037667765e-16 3.73918534952463
1.62642556522961e-16 3.76599226000187
-1.62505996861733e-16 3.98082658242592
-3.24739332654906e-16 4.15784254069124
-6.48934257375771e-16 4.09669659021197
-9.72586142021727e-16 4.24856236540896
1.13373430613914e-15 4.2430187725508
8.0913311982577e-16 4.38035716668325
4.85074291384271e-16 4.56107824140809
1.61556462656364e-16 4.75857869525566
0 4.96294733831768
-3.2257440377054e-16 4.96235775669398
-6.44611631181761e-16 4.95990035329811
-8.05094185783377e-16 5.0495026142802
-1.12619492588218e-15 5.123858141301
8.03756820026263e-16 5.04157199027946
6.42471841534686e-16 5.0428076996047
3.20969555990587e-16 5.35167576300961
0 5.39983897326101
-1.60219074720467e-16 5.31625139062519
-3.20173105479444e-16 5.36631037821748
-6.39816999214294e-16 5.38045039483691
-7.99110826846919e-16 5.58825310536949
1.11783209227415e-15 5.59953106936323
7.97793249226398e-16 5.6858521661476
6.37708870716059e-16 6.0027239788674
3.1859200372399e-16 5.6028746552907
1.59165001860464e-16 5.47740384415333
-1.59034217142419e-16 5.99425893666919
-3.17807294355212e-16 5.88551903352958
-6.35093165750037e-16 5.83005477747859
-9.51858896372084e-16 5.93353377095301
1.10959254368245e-15 6.10248494365662
7.91917521531604e-16 5.92764754105516
4.74762000643477e-16 5.77061205304774
3.16249415461314e-16 6.08709551866066
0 5.9252164085601
-3.15733511031523e-16 5.8505665850254
-4.7321428425996e-16 6.20249992652636
-7.88048217680471e-16 6.37118631574768
-1.10236980946808e-15 5.96849420990112
9.44120206157679e-16 5.90516168220918
6.28902168196016e-16 6.11987864484807
3.14195847828448e-16 5.91342186483457
1.56970512783718e-16 5.4217294490217
-1.56843308154233e-16 5.65861232820546
-4.70148928572447e-16 5.65708411838839
-6.26358065573864e-16 5.4171746536703
-7.82314641319013e-16 5.28215011180599
-1.09435581246871e-15 5.47972718711951
9.3726219013232e-16 5.14743116743779
6.24337555684916e-16 5.02566272186826
3.11917231687871e-16 4.83113816183747
0 4.62692964389579
-1.55707676799939e-16 4.41453890153852
-4.66747529571521e-16 4.1040814362347
-6.21830175943209e-16 4.13806248541897
-7.76663893508522e-16 3.84399797882861
-1.08645749465619e-15 3.72187727716074
7.75419239833029e-16 3.68659702975817
6.19838726220413e-16 3.32326093054171
3.09671427619718e-16 3.1134091697924
