# Fix print output for fix def_print
3.8917200515178e-16 0.0523977235818217
-5.83174832894775e-16 0.11895665072826
-1.35938325152817e-15 0.157542647964603
5.82011971812234e-16 0.234874822143965
-3.87621519075478e-16 0.314610292804823
-1.35532539107585e-15 0.2106727111764
5.80276349629892e-16 0.409411268277669
-1.9323336899294e-16 0.53106977074652
-9.65208346110565e-16 0.499614001523183
9.64251747155056e-16 0.485009804125536
1.9265940849098e-16 0.62634758288289
-5.77406535833501e-16 0.58986583296438
1.15367195203097e-15 0.680077842151312
1.92088847557641e-16 0.791198246576852
-7.67597643297396e-16 0.858723257995745
1.15026208419246e-15 0.896760069314364
3.83043312157264e-16 1.00517855388254
-3.8266667173233e-16 1.02934771807176
-1.14687231380682e-15 1.11562183420568
7.63831217177194e-16 1.10712578438016
-1.90770590760677e-16 1.18204582470169
-1.14350246371728e-15 1.28818079077618
7.61589051177653e-16 1.25135497865336
0 1.40371367960544
-7.6010157256207e-16 1.41358638733593
1.13904001507838e-15 1.53179180983208
3.79309946541696e-16 1.52141820738892
-3.78940608716436e-16 1.65880029109414
1.3250019630654e-15 1.784855440703
1.89102043319621e-16 1.92088605596588
-5.66755347308418e-16 1.89138466786001
-1.32114647723689e-15 1.9996169523171
5.65656984232239e-16 2.09677692337064
-1.88369799202217e-16 2.14170123740683
-9.4093811690469e-16 2.16731647991951
9.40028997951161e-16 2.25847474015315
0 2.40685459866221
-9.38216020134474e-16 2.35898055040082
9.37312151136273e-16 2.56150101289698
1.87282004404129e-16 2.54008051229171
-5.61305776661221e-16 2.58531673953697
1.30845534873317e-15 2.7534482289448
3.73485609550653e-16 2.67958303953524
-3.7312752171791e-16 2.77093170845404
-1.30469541957014e-15 2.99693705568777
3.7241340205912e-16 2.88827878180591
-3.72057366301893e-16 2.89536364713037
-1.11510603195352e-15 3.15412753646892
7.42694666320192e-16 3.12813102450246
0 3.08334582495685
-7.41280009812914e-16 3.47615311780495
1.11086205086141e-15 3.29085493040217
1.8496768305693e-16 3.33203570061761
-7.39168100953048e-16 3.67059843592329
1.10770020441683e-15 3.46256026267251
1.8444170860274e-16 3.56153658819119
-5.52801143681506e-16 4.01273372680576
-1.28864902368139e-15 3.6894836358208
5.51756150971333e-16 3.79760612937922
-1.83745044925298e-16 4.14389143440184
-1.10143020325975e-15 3.72185966657254
5.50196048753695e-16 3.99202174005034
-1.83225991126074e-16 4.4147034391518
-9.15268121241251e-16 4.14142714683589
9.1440790684159e-16 4.2552641017415
1.82709861573606e-16 4.53742040775746
-5.47615391864606e-16 4.32394104714279
1.27657171324389e-15 4.42570720119133
1.82196631625365e-16 4.76526614098631
-7.28104780452348e-16 4.55971746081006
1.09113646304238e-15 4.6799314907791
3.6337255382986e-16 4.93120612053296
-3.63033586895317e-16 4.73985447710036
-1.08808575531719e-15 4.85359363425656
7.24715093392515e-16 5.09938638260426
0 4.90964707168869
-9.0421004914447e-16 4.95135009357192
7.22696388396993e-16 5.29764191295234
0 5.1397923930164
-7.21356821412011e-16 5.27986531981588
1.08103334764384e-15 5.50026643600978
3.60011105598317e-16 5.33491188874772
-5.39517567215961e-16 5.50119546630254
-1.25771192800668e-15 5.70242405105633
3.59014764900166e-16 5.60276523796087
-5.3802581357389e-16 5.81908941221295
-1.25423758566412e-15 5.9602909674868
5.3703588567403e-16 5.82403902323696
-1.78847428838134e-16 6.09982923875452
-8.93415989788292e-16 6.17894666740343
8.9259634209124e-16 5.99473259391382
1.78355639391283e-16 6.19807311507847
-7.12769240204725e-16 6.31308874019493
8.901463978769e-16 6.26801475129237
1.77866547144324e-16 6.44988541988961
-7.10816447765808e-16 6.4274129830543
1.06525183891911e-15 6.30445758392529
3.54760259937813e-16 6.59993262730453
-3.54437163161913e-16 6.62082746194506
-1.06234396310768e-15 6.46472380006824
5.30689097934246e-16 6.81179942345052
-3.53471394324959e-16 6.71812691425343
-1.05945191965094e-15 6.62426351334207
7.05660934092077e-16 7.07128071799858
0 6.91855635428036
-7.04383719731728e-16 6.75054872800759
1.05562026713865e-15 7.17642704995078
3.51555560209377e-16 7.28535734645492
-7.02476543595271e-16 6.95394578421068
8.7730388898057e-16 7.35014117051796
1.75302705023324e-16 7.41472452504368
-5.25434750429946e-16 7.16930045945095
-1.22491188671873e-15 7.34985253183693
5.24490572980836e-16 7.39248501822889
-1.74673251863456e-16 7.3380737246351
-8.72582971192332e-16 7.44777436183729
6.97440869447635e-16 7.4150351343903
0 7.21916025951573
-8.70241514203444e-16 7.11961724869041
8.69463818480296e-16 7.08743501668026
1.73737502299902e-16 6.88838187911442
-5.20747553726735e-16 6.85241673226844
1.21399466847703e-15 6.55736726353687
3.46546754364898e-16 6.18570313330611
-5.19357658120703e-16 5.8971910162843
1.03779201373808e-15 5.3952134329409
3.45623450401226e-16 5.0153152989129
-3.45316774757569e-16 4.791347823128
-1.03503192859516e-15 4.46390826492221
6.89410106557627e-16 4.20359875055049
0 3.89759900129311
-6.88190990542493e-16 3.68014956202511
8.5947880996418e-16 3.60214070113117
1.71744044638915e-16 3.36835356900978
-6.86370379456402e-16 3.30884774971963
1.02864847176682e-15 3.29832866715248
1.71290495225255e-16 3.27791056473833
-5.13419531862507e-16 3.33346150646005
-1.19692620213641e-15 3.40257732684782
5.12518005028684e-16 3.56956574553994
-3.41378951887526e-16 3.60999393012421
-1.1937791569073e-15 3.55997592626062
5.11171635488328e-16 3.48076075765183
-1.70241472069895e-16 3.44798928251781
-8.50463297971547e-16 3.491682418632
8.49720535265896e-16 3.41939595375707
1.69795813766047e-16 3.18188586440665
-5.0894333716449e-16 3.24286979693767
1.01700001346284e-15 3.17525474182501
1.69352482659609e-16 3.05660411397569
-6.76820878524835e-16 2.69753508289019
1.01434927493948e-15 2.41096929572932
3.37822921138698e-16 2.4382889124644
-3.37529926410911e-16 2.35237825073947
-1.01171231841884e-15 2.19328719772887
6.73890918011741e-16 2.1837218354501
-1.68326991847656e-16 2.29379751399456
-8.40907530578608e-16 2.0496990419203
6.72145086617928e-16 1.91982862943213
0 1.9129180483236
-6.70986215778931e-16 1.99442832097959
1.00561241641287e-15 1.8742769183148
1.67457833542074e-16 1.64848125674869
-5.01941537169106e-16 1.5498364720294
1.00302063183449e-15 1.43040494344576
3.34053223306249e-16 1.44126364616112
-5.00650092390798e-16 1.51777292935077
-1.16718253473113e-15 1.57939558435529
4.99792814835335e-16 1.7956918247961
-1.66455092023858e-16 1.81208903187994
-8.31564113572179e-16 1.82162292889213
8.30853981963665e-16 1.92974618409306
0 1.938028139496
-6.63549880906701e-16 2.01534096126516
8.28730845723553e-16 2.20997083500212
1.65605108575226e-16 2.4142584332699
-6.61857151618674e-16 2.64245260600219
9.91942239129432e-16 2.72378294027902
3.3036672763309e-16 2.84233960110427
-3.30086518364529e-16 2.93120244080559
-1.15432374409426e-15 3.08377110521064
4.94291285120805e-16 3.2382845356593
-3.29248735322995e-16 3.45687848092707
-9.86911255668081e-16 3.45452797470311
6.57385143837467e-16 3.44617254445116
0 3.47765300723516
-6.56276568552749e-16 3.66915743257866
9.83585522708797e-16 3.7153809200129
1.63792931461187e-16 3.88720118115056
-6.54620698320908e-16 4.17151486109048
8.17588246117186e-16 4.21613294704426
1.63380354807632e-16 4.21395653220104
-4.89729872254757e-16 4.34485233128517
-1.14174519533213e-15 4.56992305155588
4.88909554210779e-16 4.66027355970177
-1.62833474958904e-16 4.69821988834493
-9.76183959410819e-16 4.6730869690205
6.50245622642908e-16 4.81835714532444
-1.62425711666018e-16 4.99172741157097
-8.11451220082944e-16 5.1104182445547
8.10775010732876e-16 5.13890355612598
1.62019985491998e-16 5.28983503548433
-6.47540773963028e-16 5.50533645441235
9.70503753495712e-16 5.60838653674533
1.61616281209211e-16 5.72802881668623
-4.8444647944205e-16 5.71452250306143
9.68089565054181e-16 5.72696492001243
3.22429167482834e-16 5.97922245511462
-3.22162255920348e-16 6.02439316300106
-9.65687357696724e-16 6.12616241734669
6.43259512647571e-16 6.30701275626619
0 6.38860129477755
-8.02747535379084e-16 6.43135770693409
8.02085748457915e-16 6.51166017202539
0 6.55181240304492
-6.40612354159309e-16 6.71686925496578
9.60128302183669e-16 6.96419204912772
1.59889895296541e-16 6.86911982837855
-4.79275868413522e-16 7.04651412562608
-1.11739295982874e-15 7.051494982394
3.18993446845722e-16 7.26261458563936
-3.18732190951499e-16 7.23526652572565
-1.11464976925633e-15 7.36022602060037
4.7731644131453e-16 7.36020943893839
-1.58975492300564e-16 7.57903485136994
-7.94228581942408e-16 7.38877404826251
7.93580760913093e-16 7.44152800455664
1.58586799165355e-16 7.54738063511948
-6.33830627283029e-16 7.64518770135894
9.49972347807439e-16 7.88850789732147
1.5820000209422e-16 7.83234825555684
-6.32285954755126e-16 7.66317671499608
9.47659103454011e-16 8.00689049627025
3.1563017449455e-16 7.75850792107129
-3.15374396395284e-16 7.66824026239518
-9.45357097534688e-16 7.99221376445776
4.72296122757015e-16 7.744552694299
-1.57304771686249e-16 7.63888749761656
-9.43066248348417e-16 7.86873603789924
6.28203398146538e-16 7.49713992368831
0 7.45309075115725
-6.27190983322772e-16 7.66965072850052
9.40028997951161e-16 7.25856135718174
1.56545456617772e-16 7.41515836081809
-6.25678464874244e-16 7.18368719272094
9.37763867835616e-16 6.84480433240991
1.5616854139317e-16 6.69178973634861
-4.68129917985301e-16 6.55897347397178
-1.09142789906349e-15 5.9121662400302
4.67380310430481e-16 5.72462346695058
-1.55668802060712e-16 5.32968159286575
