# Fix print output for fix def_print
0 0.0526697003806112
-5.86203111211356e-16 0.0088206503056509
1.17123615633247e-15 0.128516540986464
3.9002280779167e-16 0.174718547583235
-1.94817169429803e-16 0.202409151527828
-1.16773992900013e-15 0.369717305699886
9.72149294769e-16 0.35598970342224
1.94236780643021e-16 0.560237059001711
-7.76176341696518e-16 0.412761820612221
1.3569624051067e-15 0.669182790030554
7.74639358841674e-16 0.605639911786618
-3.86936573902122e-16 0.85039287366813
-9.66385563772344e-16 0.773238886947245
1.15851789599717e-15 0.950373960469325
3.85791791139098e-16 0.87518653077491
-3.85411700704478e-16 1.04414611007624
-1.15509707543812e-15 1.11598765243064
9.61634405641705e-16 1.14850817448507
0 1.27407674918013
-5.75848198550115e-16 1.23694180851794
-1.34232849681633e-15 1.45214170506227
3.83146793550485e-16 1.365302920355
-1.91385947267635e-16 1.66687529807626
-7.64795456920909e-16 1.46187682546688
9.55060732946889e-16 1.77999794873872
1.90825793275632e-16 1.61296595343393
-3.81279606447412e-16 1.94111584163105
1.33317922760726e-15 1.82454616239355
7.61075634659622e-16 2.03578699261174
0 2.00952323224087
-9.49497272366614e-16 2.17029895573977
1.13829158937453e-15 2.20567051566087
5.68594296824194e-16 2.30274019474482
-5.68043866720782e-16 2.39694169028325
-1.13498900255816e-15 2.43100704190394
9.44910329021849e-16 2.60338949436848
0 2.51612109789429
-5.6585276212398e-16 2.77539945052735
-1.31905112403917e-15 2.68463587078029
7.53018048537142e-16 2.89932854691748
-1.8807349818031e-16 2.86324942374224
-7.51571327982795e-16 3.09979353472019
1.12627507547518e-15 2.98331612100519
1.87532538933387e-16 3.23852680669353
-3.74705820129353e-16 3.1929530711871
-9.35868124916375e-16 3.37515695276938
7.47978730812707e-16 3.39177852309786
0 3.54651234518033
-5.59913467865045e-16 3.59833657529171
1.11875941720223e-15 3.67672757674063
5.58846966021493e-16 3.73846303039304
-1.86105079074712e-16 3.81815329276043
-1.11556903863606e-15 3.93553514731168
9.28758015705236e-16 3.9643247155201
3.71150736446912e-16 4.11155198009469
-5.56198402201486e-16 4.18919149593474
-1.29656729806123e-15 4.30333031518576
7.40194656982111e-16 4.36257533667082
-1.84873760026014e-16 4.44745557739116
-7.38796744504334e-16 4.49193280751187
1.10714964966522e-15 4.63225184520046
1.84351025549032e-16 4.66753577504604
-3.68354874025466e-16 4.80413832083285
-9.20020875388158e-16 4.80004725198694
1.10298743293716e-15 4.94746960728067
0 5.07479198294674
-5.50459019064322e-16 5.12643247492109
-1.09988624990172e-15 5.22347243519212
5.49428196931244e-16 5.24779659025051
-1.82971410764754e-16 5.42384534834396
-7.31201637785131e-16 5.42385439359825
9.13148637290022e-16 5.58678510018487
3.64918727812542e-16 5.6748951646656
-3.64578635801533e-16 5.76574047435342
-1.27483711988143e-15 5.69831160852747
7.27800699934968e-16 5.94888574535114
1.81781076308107e-16 5.95042610302038
-7.26449166601755e-16 6.13916328419534
1.08866292082109e-15 6.12831210450964
5.43826982690054e-16 6.24272915880036
-3.62215626125042e-16 6.27806859600429
-9.04701378850705e-16 6.3917006985567
9.03865240792619e-16 6.46950653168697
0 6.55641021005357
-5.41318555648125e-16 6.53350841570727
-1.08163928907386e-15 6.78378273827887
5.40321652230726e-16 6.84564816281088
-1.79941525397905e-16 6.84566429579845
-7.19104551865891e-16 6.93500376894587
1.25727737993816e-15 7.09567185767719
3.5889254698628e-16 7.14400711545542
-3.58563589564661e-16 7.2281286354492
-8.95588086572905e-16 7.28643560927094
7.15814961052233e-16 7.53148138270991
1.78790162803951e-16 7.41834619396816
-5.35880652349377e-16 7.63908260378232
1.07078342029666e-15 7.61903698015099
5.34903659364237e-16 7.7726941667575
0 7.72328440879634
-8.8988370385588e-16 7.98727646197319
8.89074718670558e-16 7.96110448516895
3.55306881212575e-16 8.15885286726849
-5.32476691762765e-16 8.08545894407502
-1.0639878772848e-15 8.296701911066
7.08682746766387e-16 8.24762641476117
-1.77010351228527e-16 8.4405905326178
-7.07401222812016e-16 8.47305258890573
1.23683384530502e-15 8.63939029837941
3.53062162648958e-16 8.59010221999376
-3.52743801816993e-16 8.76971942791386
-8.81065036520371e-16 8.83003199886723
8.80271998683721e-16 8.97513069020585
1.75896077434823e-16 8.98262523642206
-5.27214118888201e-16 9.1056810732608
-1.05348171332597e-15 9.13038604369993
5.26268443338626e-16 9.18337508092563
0 9.18030304444639
-7.00434872363554e-16 9.35170602522127
8.74760456652606e-16 9.29647726598445
3.49591489021488e-16 9.36132900220793
-1.74639676881717e-16 9.41470213582307
-1.04690332617764e-15 9.45602145843134
6.97313504839653e-16 9.38382994148774
1.74173141680786e-16 9.44815810684521
-6.96072733478728e-16 9.2935636029453
1.21704450378014e-15 9.20575811202086
5.21127277373506e-16 8.98384384893587
-3.47109916783536e-16 8.8536901668746
-8.67005488065259e-16 8.46718093584378
1.03948505637302e-15 8.02045508880543
1.73094193015507e-16 7.46212998524035
-5.18823443256028e-16 6.8875646859653
-1.03673023731902e-15 6.15828947143965
5.17907603109063e-16 5.6380279199179
0 5.17968306488657
-6.89326654123427e-16 4.93164385040769
-1.20525974185973e-15 4.59457088101519
3.44057059116135e-16 4.1604688488226
-1.71877362133148e-16 3.76744274459217
-6.86905840588314e-16 3.39698330652994
6.86303291605343e-16 2.85222862326688
1.71425449699845e-16 2.25998566359526
-3.42550679697938e-16 1.75150638296894
1.1978784486025e-15 1.36724159620529
5.12927722309937e-16 1.03994861276064
0 0.642728894718468
-8.53387600818161e-16 0.218815532213071
1.02317230047527e-15 0.0751871050124305
5.11140517702585e-16 -0.00329478056224263
-5.1069566085515e-16 -0.162955494626939
-1.0205031553436e-15 -0.419835184940618
8.49680443560047e-16 -0.733557416502842
0 -1.2625559306674
-6.78565266634943e-16 -1.51236447989073
-1.18646019649277e-15 -1.78769042143244
3.38695130922117e-16 -2.13831740741463
-1.69201071027269e-16 -2.63896473941176
-8.45274149124989e-16 -3.09851080210047
8.44544205991031e-16 -3.38470233399663
1.68763104493117e-16 -3.31463241135057
-3.37235238116418e-16 -3.16347011571997
-1.01083430546523e-15 -3.4185596165232
5.04982198212193e-16 -3.44815223171541
0 -3.46423915955648
-5.04114531204955e-16 -3.41794145412216
1.00736362973831e-15 -3.36870813201706
3.35499893837946e-16 -3.35679228888
-1.67606202320071e-16 -3.39484402361876
-1.00477622315508e-15 -3.18135358232894
8.36597254523194e-16 -2.82623523993549
3.34352885653885e-16 -2.64057570787421
-6.68134715994953e-16 -2.5633420124079
-1.1682381115637e-15 -2.4405114053565
6.66995526368364e-16 -2.47373220465765
-1.6660684676961e-16 -2.29673029013954
-8.32325268542649e-16 -2.16294010180021
9.97941010752667e-16 -1.98063736858414
1.66182190405712e-16 -1.8737724266295
-3.32082237873553e-16 -1.68587881572159
-9.95401720648969e-16 -1.46578283933914
4.9727907993438e-16 -1.08244253431573
0 -0.855049439162424
-4.96437660171377e-16 -0.89263850541623
1.15737537341729e-15 -0.898444404094216
3.3039938869514e-16 -0.89574559188945
-1.65060285322804e-16 -0.602183460875245
-8.2460555694571e-16 -0.490180947328829
8.23910859762101e-16 -0.660733147248175
1.64643466420474e-16 -0.650052834001543
-3.29009988406262e-16 -0.406012871185041
-1.15056728298543e-15 -0.153882686277524
6.5691498944592e-16 -0.0859314720476184
1.64090971566714e-16 0.0140029977414142
-8.19767133728091e-16 0.285135015503611
9.8289667390715e-16 0.54205264100159
4.9103708311512e-16 0.603368393427097
-3.27084344661409e-16 0.439130894022816
-9.80433273721917e-16 0.307845996770621
8.16345735006355e-16 0.559958107418647
0 0.687272675349301
-4.88991095268806e-16 0.744984030573515
-1.14002919796225e-15 0.751367069686917
4.88177466158542e-16 1.01935880204267
-1.62590555367849e-16 1.18217833061375
-6.49822053513364e-16 1.32437601000475
8.11603477624576e-16 1.37780402629247
1.62186101250019e-16 1.50584411093461
-3.24103459995895e-16 1.69048848129841
-9.71505487289018e-16 1.74993685694354
6.47134617394616e-16 1.80769463093215
0 1.90563466936833
-6.46065856672246e-16 1.97829950399863
9.68299198552093e-16 2.07129835560274
4.83750465228828e-16 2.24303157812577
0 2.31315177784294
-9.65908336333444e-16 2.37577196368881
8.04261669850011e-16 2.3965948777551
3.21440325567005e-16 2.57452422748036
-4.81764625880597e-16 2.61564748932516
-1.12319529676182e-15 2.71921952219804
6.41299797073845e-16 2.8436533124707
-1.60193643003704e-16 3.19773487406541
-6.40250206571268e-16 3.19919853888399
1.11952172261051e-15 3.24950152489945
1.59801011525754e-16 3.19822233166475
-3.19341123440853e-16 3.50114396060057
-7.97701623603272e-16 3.41746135020778
6.37641200024524e-16 3.67819278382647
0 3.63076217564127
-4.77452656080201e-16 3.80936177203845
1.11315046077452e-15 3.88434912948224
4.76676940960656e-16 4.08676197573429
0 4.0488101924784
-7.93172903923449e-16 4.37481102835403
7.92530138199039e-16 4.40010500466048
3.16755365356312e-16 4.53541640771797
-3.16499090788871e-16 4.50942612724431
-1.10685130699487e-15 4.69169505855459
6.31975567391027e-16 4.77587419480482
0 4.78540248452223
-6.3095625195975e-16 4.86337730562534
1.10328369601342e-15 5.12460747143056
4.72455164510924e-16 5.15308922350551
-3.14716714573649e-16 5.12499734808341
-7.86159317152421e-16 5.34528882781817
9.4263343666276e-16 5.46411099301918
0 5.57180411825286
-4.70560797371746e-16 5.65259840359872
-9.4036749090155e-16 5.71726444235122
4.69807297295891e-16 5.81958972921266
-1.56477150486018e-16 5.89395604480373
